# Blender v2.80 (sub 74) OBJ File: 'PiedrasCaidas.blend'
# www.blender.org
mtllib PiedrasCaidas.mtl
o Cube.009_Cube.010
v 2.265884 0.026323 1.834381
v 2.265884 1.072628 1.834381
v 0.851671 0.026323 0.420168
v 0.851671 1.072628 0.420168
v 3.680098 0.026323 0.420167
v 3.680098 1.072628 0.420167
v 2.265884 0.026323 -0.994046
v 2.265884 1.072628 -0.994046
v 1.740227 0.025937 -2.909508
v 1.740205 1.072242 -2.909705
v 2.312690 0.026309 -0.993187
v 2.312667 1.072614 -0.993384
v -0.176094 0.026005 -2.337046
v -0.176116 1.072309 -2.337243
v 0.396368 0.026377 -0.420725
v 0.396346 1.072682 -0.420922
v 1.964282 0.026781 3.229742
v 1.963443 1.073086 3.229008
v 0.489445 0.026545 4.580613
v 0.488606 1.072849 4.579880
v 0.613411 0.024664 1.754905
v 0.612572 1.070968 1.754172
v -0.861426 0.024427 3.105777
v -0.862266 1.070732 3.105043
v 4.185214 0.026531 -3.025810
v 4.185042 1.072836 -3.025737
v 4.433512 0.026433 -1.041283
v 4.433341 1.072738 -1.041210
v 2.200686 0.026189 -2.777512
v 2.200515 1.072494 -2.777439
v 2.448984 0.026091 -0.792985
v 2.448813 1.072396 -0.792912
v 0.489556 0.025428 -3.046441
v 0.488917 1.071733 -3.046162
v -1.502932 0.024165 -2.873271
v -1.503571 1.070470 -2.872992
v 0.316386 0.025853 -5.038930
v 0.315747 1.072158 -5.038651
v -1.676102 0.024590 -4.865760
v -1.676741 1.070895 -4.865481
v -1.833290 2.202121 3.471818
v -1.746511 1.967626 4.487808
v -1.871248 0.252998 3.025193
v -1.784469 0.018502 4.041183
v -3.826038 2.201937 3.641984
v -3.739259 1.967441 4.657973
v -3.863996 0.252813 3.195358
v -3.777216 0.018318 4.211348
v 1.794901 2.267907 -3.244846
v 1.908516 1.757865 -2.338366
v 3.779389 2.268120 -3.493455
v 3.893004 1.758079 -2.586977
v 1.673896 0.521626 -4.212245
v 1.787512 0.011585 -3.305766
v 3.658385 0.521839 -4.460855
v 3.772000 0.011798 -3.554376
v -3.981025 2.025777 0.941743
v -4.188516 2.026059 -0.083783
v -3.981067 0.025777 0.941201
v -4.188557 0.026059 -0.084325
v -2.020745 2.025844 0.545128
v -2.228235 2.026126 -0.480398
v -2.020786 0.025844 0.544586
v -2.228276 0.026126 -0.480939
v -3.129641 1.967858 -0.300437
v -4.146047 2.200451 -0.213402
v -3.572627 0.017901 -0.262573
v -4.589032 0.250494 -0.175538
v -3.300262 1.967924 -2.293146
v -4.316667 2.200518 -2.206111
v -3.743247 0.017967 -2.255282
v -4.759652 0.250561 -2.168247
v 2.870782 1.073130 4.148476
v 2.871570 0.026826 4.149383
v 4.854126 1.074401 3.890896
v 4.854914 0.028097 3.891803
v 2.613203 1.071217 2.165133
v 2.613991 0.024913 2.166040
v 4.596547 1.072488 1.907553
v 4.597335 0.026184 1.908460
v 0.394175 0.866248 -3.969606
v 0.312937 1.302860 -4.916985
v 2.112000 0.000000 -4.516133
v 2.030762 0.436612 -5.463511
v 1.406580 2.464088 -3.320035
v 1.325341 2.900700 -4.267413
v 3.124405 1.597840 -3.866561
v 3.043167 2.034452 -4.813940
v -1.529158 1.072261 2.959236
v -1.498926 1.066140 4.005086
v -1.536397 3.072212 2.971150
v -1.506165 3.066091 4.017001
v 0.469994 1.079841 2.901491
v 0.500226 1.073720 3.947342
v 0.462755 3.079792 2.913405
v 0.492987 3.073671 3.959256
v 2.341886 0.878993 2.147330
v 2.741393 1.759837 2.546407
v 1.902859 1.845951 0.452558
v 2.302366 2.726795 0.851635
v 4.137462 0.399336 1.408520
v 4.536969 1.280180 1.807598
v 3.698435 1.366294 -0.286252
v 4.097942 2.247138 0.112826
v 0.908772 1.229011 -2.704843
v -0.041650 0.903636 -2.412294
v 0.190353 1.704723 -4.509718
v -0.760068 1.379348 -4.217169
v 0.480510 3.069358 -2.049315
v -0.469911 2.743983 -1.756766
v -0.237908 3.545070 -3.854190
v -1.188329 3.219695 -3.561641
v -4.019452 2.118062 1.027409
v -4.019238 1.071757 1.027600
v -3.890703 2.118450 3.023261
v -3.890489 1.072145 3.023452
v -2.023601 2.118446 0.898660
v -2.023387 1.072141 0.898850
v -1.894851 2.118835 2.894512
v -1.894638 1.072530 2.894702
v -1.549249 0.025746 -2.943674
v -2.540804 0.025685 -3.277700
v -1.549368 2.025745 -2.943685
v -2.540923 2.025685 -3.277710
v -2.187736 0.025718 -1.048328
v -3.179291 0.025657 -1.382354
v -2.187855 2.025717 -1.048339
v -3.179410 2.025657 -1.382365
v 3.251881 2.904493 3.462708
v 2.291252 3.210543 3.742495
v 2.776745 1.011963 3.901545
v 1.816116 1.318014 4.181332
v 2.617448 2.628644 1.586169
v 1.656819 2.934694 1.865955
v 2.142312 0.736114 2.025006
v 1.181684 1.042164 2.304792
v -1.984962 3.526600 -3.166657
v -2.915690 3.886597 -3.481147
v -2.496939 3.865727 -1.263273
v -3.427666 4.225723 -1.577762
v -2.741781 1.679584 -3.041144
v -3.672508 2.039580 -3.355634
v -3.253758 2.018710 -1.137759
v -4.184485 2.378706 -1.452249
v -0.278753 3.221854 -1.597118
v -0.469734 2.928939 -0.610973
v 0.741598 1.529009 -1.902339
v 0.550616 1.236094 -0.916194
v -1.959710 2.315883 -2.191761
v -2.150691 2.022968 -1.205616
v -0.939360 0.623038 -2.496982
v -1.130341 0.330123 -1.510837
v 1.046840 1.077231 1.837574
v 1.077073 1.070894 2.883423
v -0.952325 1.077160 1.895364
v -0.922092 1.070823 2.941213
v 1.047120 3.077194 1.849685
v 1.077352 3.070857 2.895534
v -0.952045 3.077123 1.907474
v -0.921812 3.070786 2.953323
v 1.023611 2.742700 -1.829777
v 0.954784 1.853998 -2.377707
v 2.362827 1.889348 -0.613926
v 2.294000 1.000646 -1.161857
v 2.503204 3.364042 -3.023402
v 2.434377 2.475341 -3.571332
v 3.842419 2.510690 -1.807552
v 3.773593 1.621989 -2.355482
v -1.614638 0.026142 3.241390
v -1.614925 1.072447 3.241363
v -3.173983 0.025682 1.989014
v -3.174269 1.071987 1.988986
v -0.362263 0.026444 1.682046
v -0.362549 1.072749 1.682019
v -1.921607 0.025985 0.429670
v -1.921893 1.072289 0.429642
v -3.646932 3.167435 0.997472
v -3.705609 2.122839 1.008844
v -1.654420 3.054090 0.866899
v -1.713098 2.009493 0.878270
v -3.778524 3.153103 -0.998142
v -3.837202 2.108506 -0.986771
v -1.786013 3.039757 -1.128716
v -1.844690 1.995161 -1.117344
v 1.833005 3.748830 0.798088
v 1.584359 2.758744 1.027563
v 1.830717 4.200951 2.746313
v 1.582072 3.210864 2.975788
v 3.775710 3.286352 0.907695
v 3.527064 2.296266 1.137170
v 3.773422 3.738473 2.855921
v 3.524777 2.748386 3.085396
v 0.933590 1.172307 1.794608
v -0.071561 0.934087 1.960973
v 0.861096 0.242577 0.025329
v -0.144055 0.004358 0.191694
v 0.382937 2.883521 0.917952
v -0.622214 2.645302 1.084317
v 0.310443 1.953791 -0.851327
v -0.694708 1.715572 -0.684962
v -1.960129 4.931690 -2.455784
v -2.717828 4.214139 -2.531734
v -1.871832 4.629399 -0.480733
v -2.629530 3.911848 -0.556684
v -0.583706 3.507835 -2.735246
v -1.341406 2.790284 -2.811197
v -0.495409 3.205544 -0.760196
v -1.253108 2.487993 -0.836147
v -0.625593 1.077058 1.694205
v -1.671205 1.098196 1.725878
v -0.687108 1.028689 -0.304264
v -1.732720 1.049827 -0.272591
v -0.586683 3.076064 1.644625
v -1.632295 3.097203 1.676298
v -0.648198 3.027695 -0.353844
v -1.693810 3.048833 -0.322171
v 1.041838 3.123101 1.009243
v 2.054957 3.067802 0.753732
v 0.552737 3.122897 -0.930030
v 1.565856 3.067599 -1.185542
v 0.939395 1.125896 1.035290
v 1.952514 1.070598 0.779778
v 0.450294 1.125693 -0.903984
v 1.463413 1.070394 -1.159495
v 2.064150 3.318367 0.915123
v 3.102948 3.196776 0.944583
v 2.236957 4.387302 -0.766399
v 3.275755 4.265711 -0.736939
v 1.898837 1.644044 -0.166225
v 2.937636 1.522453 -0.136764
v 2.071644 2.712979 -1.847747
v 3.110443 2.591387 -1.818286
v -2.025040 4.085512 1.462910
v -1.444539 3.216404 1.413672
v -3.680280 2.971907 1.604563
v -3.099779 2.102799 1.555325
v -1.854972 4.086208 3.455667
v -1.274471 3.217100 3.406428
v -3.510212 2.972603 3.597319
v -2.929711 2.103495 3.548080
vt 0.375000 0.000000
vt 0.625000 0.000000
vt 0.625000 0.250000
vt 0.375000 0.250000
vt 0.625000 0.500000
vt 0.375000 0.500000
vt 0.625000 0.750000
vt 0.375000 0.750000
vt 0.625000 1.000000
vt 0.375000 1.000000
vt 0.125000 0.500000
vt 0.125000 0.750000
vt 0.875000 0.500000
vt 0.875000 0.750000
vt 0.375000 0.000000
vt 0.625000 0.000000
vt 0.625000 0.250000
vt 0.375000 0.250000
vt 0.625000 0.500000
vt 0.375000 0.500000
vt 0.625000 0.750000
vt 0.375000 0.750000
vt 0.625000 1.000000
vt 0.375000 1.000000
vt 0.125000 0.500000
vt 0.125000 0.750000
vt 0.875000 0.500000
vt 0.875000 0.750000
vt 0.375000 0.000000
vt 0.625000 0.000000
vt 0.625000 0.250000
vt 0.375000 0.250000
vt 0.625000 0.500000
vt 0.375000 0.500000
vt 0.625000 0.750000
vt 0.375000 0.750000
vt 0.625000 1.000000
vt 0.375000 1.000000
vt 0.125000 0.500000
vt 0.125000 0.750000
vt 0.875000 0.500000
vt 0.875000 0.750000
vt 0.375000 0.000000
vt 0.625000 0.000000
vt 0.625000 0.250000
vt 0.375000 0.250000
vt 0.625000 0.500000
vt 0.375000 0.500000
vt 0.625000 0.750000
vt 0.375000 0.750000
vt 0.625000 1.000000
vt 0.375000 1.000000
vt 0.125000 0.500000
vt 0.125000 0.750000
vt 0.875000 0.500000
vt 0.875000 0.750000
vt 0.375000 0.000000
vt 0.625000 0.000000
vt 0.625000 0.250000
vt 0.375000 0.250000
vt 0.625000 0.500000
vt 0.375000 0.500000
vt 0.625000 0.750000
vt 0.375000 0.750000
vt 0.625000 1.000000
vt 0.375000 1.000000
vt 0.125000 0.500000
vt 0.125000 0.750000
vt 0.875000 0.500000
vt 0.875000 0.750000
vt 0.375000 0.000000
vt 0.625000 0.000000
vt 0.625000 0.250000
vt 0.375000 0.250000
vt 0.625000 0.500000
vt 0.375000 0.500000
vt 0.625000 0.750000
vt 0.375000 0.750000
vt 0.625000 1.000000
vt 0.375000 1.000000
vt 0.125000 0.500000
vt 0.125000 0.750000
vt 0.875000 0.500000
vt 0.875000 0.750000
vt 0.375000 0.000000
vt 0.625000 0.000000
vt 0.625000 0.250000
vt 0.375000 0.250000
vt 0.625000 0.500000
vt 0.375000 0.500000
vt 0.625000 0.750000
vt 0.375000 0.750000
vt 0.625000 1.000000
vt 0.375000 1.000000
vt 0.125000 0.500000
vt 0.125000 0.750000
vt 0.875000 0.500000
vt 0.875000 0.750000
vt 0.375000 0.000000
vt 0.625000 0.000000
vt 0.625000 0.250000
vt 0.375000 0.250000
vt 0.625000 0.500000
vt 0.375000 0.500000
vt 0.625000 0.750000
vt 0.375000 0.750000
vt 0.625000 1.000000
vt 0.375000 1.000000
vt 0.125000 0.500000
vt 0.125000 0.750000
vt 0.875000 0.500000
vt 0.875000 0.750000
vt 0.375000 0.000000
vt 0.625000 0.000000
vt 0.625000 0.250000
vt 0.375000 0.250000
vt 0.625000 0.500000
vt 0.375000 0.500000
vt 0.625000 0.750000
vt 0.375000 0.750000
vt 0.625000 1.000000
vt 0.375000 1.000000
vt 0.125000 0.500000
vt 0.125000 0.750000
vt 0.875000 0.500000
vt 0.875000 0.750000
vt 0.375000 0.000000
vt 0.625000 0.000000
vt 0.625000 0.250000
vt 0.375000 0.250000
vt 0.625000 0.500000
vt 0.375000 0.500000
vt 0.625000 0.750000
vt 0.375000 0.750000
vt 0.625000 1.000000
vt 0.375000 1.000000
vt 0.125000 0.500000
vt 0.125000 0.750000
vt 0.875000 0.500000
vt 0.875000 0.750000
vt 0.375000 0.000000
vt 0.625000 0.000000
vt 0.625000 0.250000
vt 0.375000 0.250000
vt 0.625000 0.500000
vt 0.375000 0.500000
vt 0.625000 0.750000
vt 0.375000 0.750000
vt 0.625000 1.000000
vt 0.375000 1.000000
vt 0.125000 0.500000
vt 0.125000 0.750000
vt 0.875000 0.500000
vt 0.875000 0.750000
vt 0.375000 0.000000
vt 0.625000 0.000000
vt 0.625000 0.250000
vt 0.375000 0.250000
vt 0.625000 0.500000
vt 0.375000 0.500000
vt 0.625000 0.750000
vt 0.375000 0.750000
vt 0.625000 1.000000
vt 0.375000 1.000000
vt 0.125000 0.500000
vt 0.125000 0.750000
vt 0.875000 0.500000
vt 0.875000 0.750000
vt 0.375000 0.000000
vt 0.625000 0.000000
vt 0.625000 0.250000
vt 0.375000 0.250000
vt 0.625000 0.500000
vt 0.375000 0.500000
vt 0.625000 0.750000
vt 0.375000 0.750000
vt 0.625000 1.000000
vt 0.375000 1.000000
vt 0.125000 0.500000
vt 0.125000 0.750000
vt 0.875000 0.500000
vt 0.875000 0.750000
vt 0.375000 0.000000
vt 0.625000 0.000000
vt 0.625000 0.250000
vt 0.375000 0.250000
vt 0.625000 0.500000
vt 0.375000 0.500000
vt 0.625000 0.750000
vt 0.375000 0.750000
vt 0.625000 1.000000
vt 0.375000 1.000000
vt 0.125000 0.500000
vt 0.125000 0.750000
vt 0.875000 0.500000
vt 0.875000 0.750000
vt 0.375000 0.000000
vt 0.625000 0.000000
vt 0.625000 0.250000
vt 0.375000 0.250000
vt 0.625000 0.500000
vt 0.375000 0.500000
vt 0.625000 0.750000
vt 0.375000 0.750000
vt 0.625000 1.000000
vt 0.375000 1.000000
vt 0.125000 0.500000
vt 0.125000 0.750000
vt 0.875000 0.500000
vt 0.875000 0.750000
vt 0.375000 0.000000
vt 0.625000 0.000000
vt 0.625000 0.250000
vt 0.375000 0.250000
vt 0.625000 0.500000
vt 0.375000 0.500000
vt 0.625000 0.750000
vt 0.375000 0.750000
vt 0.625000 1.000000
vt 0.375000 1.000000
vt 0.125000 0.500000
vt 0.125000 0.750000
vt 0.875000 0.500000
vt 0.875000 0.750000
vt 0.375000 0.000000
vt 0.625000 0.000000
vt 0.625000 0.250000
vt 0.375000 0.250000
vt 0.625000 0.500000
vt 0.375000 0.500000
vt 0.625000 0.750000
vt 0.375000 0.750000
vt 0.625000 1.000000
vt 0.375000 1.000000
vt 0.125000 0.500000
vt 0.125000 0.750000
vt 0.875000 0.500000
vt 0.875000 0.750000
vt 0.375000 0.000000
vt 0.625000 0.000000
vt 0.625000 0.250000
vt 0.375000 0.250000
vt 0.625000 0.500000
vt 0.375000 0.500000
vt 0.625000 0.750000
vt 0.375000 0.750000
vt 0.625000 1.000000
vt 0.375000 1.000000
vt 0.125000 0.500000
vt 0.125000 0.750000
vt 0.875000 0.500000
vt 0.875000 0.750000
vt 0.375000 0.000000
vt 0.625000 0.000000
vt 0.625000 0.250000
vt 0.375000 0.250000
vt 0.625000 0.500000
vt 0.375000 0.500000
vt 0.625000 0.750000
vt 0.375000 0.750000
vt 0.625000 1.000000
vt 0.375000 1.000000
vt 0.125000 0.500000
vt 0.125000 0.750000
vt 0.875000 0.500000
vt 0.875000 0.750000
vt 0.375000 0.000000
vt 0.625000 0.000000
vt 0.625000 0.250000
vt 0.375000 0.250000
vt 0.625000 0.500000
vt 0.375000 0.500000
vt 0.625000 0.750000
vt 0.375000 0.750000
vt 0.625000 1.000000
vt 0.375000 1.000000
vt 0.125000 0.500000
vt 0.125000 0.750000
vt 0.875000 0.500000
vt 0.875000 0.750000
vt 0.375000 0.000000
vt 0.625000 0.000000
vt 0.625000 0.250000
vt 0.375000 0.250000
vt 0.625000 0.500000
vt 0.375000 0.500000
vt 0.625000 0.750000
vt 0.375000 0.750000
vt 0.625000 1.000000
vt 0.375000 1.000000
vt 0.125000 0.500000
vt 0.125000 0.750000
vt 0.875000 0.500000
vt 0.875000 0.750000
vt 0.375000 0.000000
vt 0.625000 0.000000
vt 0.625000 0.250000
vt 0.375000 0.250000
vt 0.625000 0.500000
vt 0.375000 0.500000
vt 0.625000 0.750000
vt 0.375000 0.750000
vt 0.625000 1.000000
vt 0.375000 1.000000
vt 0.125000 0.500000
vt 0.125000 0.750000
vt 0.875000 0.500000
vt 0.875000 0.750000
vt 0.375000 0.000000
vt 0.625000 0.000000
vt 0.625000 0.250000
vt 0.375000 0.250000
vt 0.625000 0.500000
vt 0.375000 0.500000
vt 0.625000 0.750000
vt 0.375000 0.750000
vt 0.625000 1.000000
vt 0.375000 1.000000
vt 0.125000 0.500000
vt 0.125000 0.750000
vt 0.875000 0.500000
vt 0.875000 0.750000
vt 0.375000 0.000000
vt 0.625000 0.000000
vt 0.625000 0.250000
vt 0.375000 0.250000
vt 0.625000 0.500000
vt 0.375000 0.500000
vt 0.625000 0.750000
vt 0.375000 0.750000
vt 0.625000 1.000000
vt 0.375000 1.000000
vt 0.125000 0.500000
vt 0.125000 0.750000
vt 0.875000 0.500000
vt 0.875000 0.750000
vt 0.375000 0.000000
vt 0.625000 0.000000
vt 0.625000 0.250000
vt 0.375000 0.250000
vt 0.625000 0.500000
vt 0.375000 0.500000
vt 0.625000 0.750000
vt 0.375000 0.750000
vt 0.625000 1.000000
vt 0.375000 1.000000
vt 0.125000 0.500000
vt 0.125000 0.750000
vt 0.875000 0.500000
vt 0.875000 0.750000
vt 0.375000 0.000000
vt 0.625000 0.000000
vt 0.625000 0.250000
vt 0.375000 0.250000
vt 0.625000 0.500000
vt 0.375000 0.500000
vt 0.625000 0.750000
vt 0.375000 0.750000
vt 0.625000 1.000000
vt 0.375000 1.000000
vt 0.125000 0.500000
vt 0.125000 0.750000
vt 0.875000 0.500000
vt 0.875000 0.750000
vt 0.375000 0.000000
vt 0.625000 0.000000
vt 0.625000 0.250000
vt 0.375000 0.250000
vt 0.625000 0.500000
vt 0.375000 0.500000
vt 0.625000 0.750000
vt 0.375000 0.750000
vt 0.625000 1.000000
vt 0.375000 1.000000
vt 0.125000 0.500000
vt 0.125000 0.750000
vt 0.875000 0.500000
vt 0.875000 0.750000
vt 0.375000 0.000000
vt 0.625000 0.000000
vt 0.625000 0.250000
vt 0.375000 0.250000
vt 0.625000 0.500000
vt 0.375000 0.500000
vt 0.625000 0.750000
vt 0.375000 0.750000
vt 0.625000 1.000000
vt 0.375000 1.000000
vt 0.125000 0.500000
vt 0.125000 0.750000
vt 0.875000 0.500000
vt 0.875000 0.750000
vt 0.375000 0.000000
vt 0.625000 0.000000
vt 0.625000 0.250000
vt 0.375000 0.250000
vt 0.625000 0.500000
vt 0.375000 0.500000
vt 0.625000 0.750000
vt 0.375000 0.750000
vt 0.625000 1.000000
vt 0.375000 1.000000
vt 0.125000 0.500000
vt 0.125000 0.750000
vt 0.875000 0.500000
vt 0.875000 0.750000
vt 0.375000 0.000000
vt 0.625000 0.000000
vt 0.625000 0.250000
vt 0.375000 0.250000
vt 0.625000 0.500000
vt 0.375000 0.500000
vt 0.625000 0.750000
vt 0.375000 0.750000
vt 0.625000 1.000000
vt 0.375000 1.000000
vt 0.125000 0.500000
vt 0.125000 0.750000
vt 0.875000 0.500000
vt 0.875000 0.750000
vn -0.7071 0.0000 0.7071
vn -0.7071 0.0000 -0.7071
vn 0.7071 0.0000 -0.7071
vn 0.7071 0.0000 0.7071
vn 0.0000 -1.0000 0.0000
vn 0.0000 1.0000 0.0000
vn 0.9582 -0.0000 -0.2862
vn 0.2862 0.0002 0.9582
vn -0.9582 0.0000 0.2862
vn -0.2862 -0.0002 -0.9582
vn 0.0000 -1.0000 0.0002
vn -0.0000 1.0000 -0.0002
vn 0.6754 0.0011 0.7374
vn -0.7374 -0.0001 0.6754
vn -0.6754 -0.0011 -0.7374
vn 0.7374 0.0001 -0.6754
vn 0.0008 -1.0000 0.0007
vn -0.0008 1.0000 -0.0007
vn 0.9923 0.0002 -0.1241
vn 0.1241 -0.0000 0.9923
vn -0.9923 -0.0002 0.1241
vn -0.1241 0.0000 -0.9923
vn 0.0002 -1.0000 -0.0001
vn -0.0002 1.0000 0.0001
vn 0.0866 -0.0002 0.9962
vn -0.9962 -0.0006 0.0866
vn -0.0866 0.0002 -0.9962
vn 0.9962 0.0006 -0.0866
vn 0.0006 -1.0000 -0.0003
vn -0.0006 1.0000 0.0003
vn 0.9964 0.0001 -0.0851
vn -0.0190 -0.9746 -0.2233
vn -0.9964 -0.0001 0.0851
vn 0.0190 0.9746 0.2233
vn -0.0829 0.2241 -0.9710
vn 0.0829 -0.2241 0.9710
vn 0.0605 0.8731 0.4837
vn 0.9922 0.0001 -0.1243
vn -0.0605 -0.8731 -0.4837
vn -0.9922 -0.0001 0.1243
vn -0.1086 0.4875 -0.8664
vn 0.1086 -0.4875 0.8664
vn -0.9801 -0.0000 0.1983
vn -0.0000 -1.0000 -0.0003
vn 0.9801 0.0000 -0.1983
vn 0.0000 1.0000 0.0003
vn 0.1983 -0.0003 0.9801
vn -0.1983 0.0003 -0.9801
vn 0.0853 -0.0000 0.9964
vn -0.2215 -0.9750 0.0189
vn -0.0853 0.0000 -0.9964
vn 0.2215 0.9750 -0.0189
vn 0.9714 -0.2223 -0.0832
vn -0.9714 0.2223 0.0832
vn 0.1288 0.0010 0.9917
vn 0.9917 0.0006 -0.1288
vn -0.1288 -0.0010 -0.9917
vn -0.9917 -0.0006 0.1288
vn -0.0008 1.0000 -0.0009
vn 0.0008 -1.0000 0.0009
vn -0.5062 -0.7989 -0.3248
vn 0.8589 -0.4331 -0.2733
vn 0.5062 0.7989 0.3248
vn -0.8589 0.4331 0.2733
vn 0.0776 -0.4173 0.9055
vn -0.0776 0.4173 -0.9055
vn -0.9996 -0.0038 0.0289
vn -0.0036 1.0000 0.0060
vn 0.9996 0.0038 -0.0289
vn 0.0036 -1.0000 -0.0060
vn -0.0289 0.0059 -0.9996
vn 0.0289 -0.0059 0.9996
vn -0.8978 0.2398 0.3694
vn -0.2195 0.4835 -0.8474
vn 0.8978 -0.2398 -0.3694
vn 0.2195 -0.4835 0.8474
vn -0.3818 -0.8419 -0.3814
vn 0.3818 0.8419 0.3814
vn 0.2141 -0.9202 -0.3278
vn -0.3592 0.2379 -0.9024
vn -0.2141 0.9202 0.3278
vn 0.3592 -0.2379 0.9024
vn 0.9084 0.3110 -0.2796
vn -0.9084 -0.3110 0.2796
vn -0.9979 -0.0002 0.0644
vn 0.0644 0.0002 0.9979
vn 0.9979 0.0002 -0.0644
vn -0.0644 -0.0002 -0.9979
vn -0.0002 1.0000 -0.0002
vn 0.0002 -1.0000 0.0002
vn 0.3192 0.0000 -0.9477
vn -0.0001 1.0000 -0.0000
vn -0.3192 -0.0000 0.9477
vn 0.0001 -1.0000 0.0000
vn 0.9477 0.0001 0.3192
vn -0.9477 -0.0001 -0.3192
vn 0.3172 0.1379 0.9383
vn -0.2376 -0.9463 0.2194
vn -0.3172 -0.1379 -0.9383
vn 0.2376 0.9463 -0.2194
vn 0.9181 -0.2925 -0.2674
vn -0.9181 0.2925 0.2674
vn 0.3784 0.9235 -0.0628
vn -0.2560 0.1696 0.9517
vn -0.3784 -0.9235 0.0628
vn 0.2560 -0.1696 -0.9517
vn 0.8895 -0.3441 0.3006
vn -0.8895 0.3441 -0.3006
vn 0.8405 0.4530 0.2973
vn 0.5102 -0.8464 -0.1526
vn -0.8405 -0.4530 -0.2973
vn -0.5102 0.8464 0.1526
vn 0.1825 0.2800 -0.9425
vn -0.1825 -0.2800 0.9425
vn -0.0001 -1.0000 -0.0061
vn -0.9996 -0.0000 0.0289
vn 0.0001 1.0000 0.0061
vn 0.9996 0.0000 -0.0289
vn -0.0289 0.0061 -0.9996
vn 0.0289 -0.0061 0.9996
vn -0.7398 -0.3107 0.5968
vn 0.6696 -0.4267 0.6079
vn 0.7398 0.3107 -0.5968
vn -0.6696 0.4267 -0.6079
vn 0.0658 0.8494 0.5237
vn -0.0658 -0.8494 -0.5237
vn -0.6262 -0.0002 0.7797
vn -0.7797 -0.0002 -0.6262
vn 0.6262 0.0002 -0.7797
vn 0.7797 0.0002 0.6262
vn 0.0003 -1.0000 0.0000
vn -0.0003 1.0000 -0.0000
vn 0.0658 0.0072 0.9978
vn 0.9963 -0.0567 -0.0653
vn -0.0658 -0.0072 -0.9978
vn -0.9963 0.0567 0.0653
vn 0.0561 0.9984 -0.0109
vn -0.0561 -0.9984 0.0109
vn -0.9714 0.2312 -0.0548
vn -0.0011 0.2261 0.9741
vn 0.9714 -0.2312 0.0548
vn 0.0011 -0.2261 -0.9741
vn 0.2376 0.9463 -0.2193
vn -0.2376 -0.9463 0.2193
vn 0.2753 -0.8556 0.4383
vn -0.0362 -0.4649 -0.8846
vn -0.2753 0.8556 -0.4383
vn 0.0362 0.4649 0.8846
vn 0.9607 0.2277 -0.1590
vn -0.9607 -0.2277 0.1590
vn -0.6882 0.7119 0.1397
vn 0.0441 -0.1511 0.9875
vn 0.6882 -0.7119 -0.1397
vn -0.0441 0.1511 -0.9875
vn 0.7242 0.6858 0.0726
vn -0.7242 -0.6858 -0.0726
vn -0.0195 -0.9995 0.0248
vn -0.0308 -0.0242 -0.9992
vn 0.0195 0.9995 -0.0248
vn 0.0308 0.0242 0.9992
vn 0.9993 -0.0202 -0.0303
vn -0.9993 0.0202 0.0303
vn 0.0512 0.9986 -0.0130
vn -0.2446 -0.0001 -0.9696
vn -0.0512 -0.9986 0.0130
vn 0.2446 0.0001 0.9696
vn -0.9683 0.0529 0.2442
vn 0.9683 -0.0529 -0.2442
vn 0.0827 0.8372 0.5407
vn 0.0864 0.5345 -0.8408
vn -0.0827 -0.8372 -0.5407
vn -0.0864 -0.5345 0.8408
vn -0.9928 0.1162 -0.0282
vn 0.9928 -0.1162 0.0282
vn -0.0850 -0.0003 -0.9964
vn -0.8276 -0.5568 0.0708
vn 0.0850 0.0003 0.9964
vn 0.8276 0.5568 -0.0708
vn -0.5548 0.8306 0.0471
vn 0.5548 -0.8306 -0.0471
usemtl None
s off
f 1/1/1 2/2/1 4/3/1 3/4/1
f 3/4/2 4/3/2 8/5/2 7/6/2
f 7/6/3 8/5/3 6/7/3 5/8/3
f 5/8/4 6/7/4 2/9/4 1/10/4
f 3/11/5 7/6/5 5/8/5 1/12/5
f 8/5/6 4/13/6 2/14/6 6/7/6
f 9/15/7 10/16/7 12/17/7 11/18/7
f 11/18/8 12/17/8 16/19/8 15/20/8
f 15/20/9 16/19/9 14/21/9 13/22/9
f 13/22/10 14/21/10 10/23/10 9/24/10
f 11/25/11 15/20/11 13/22/11 9/26/11
f 16/19/12 12/27/12 10/28/12 14/21/12
f 17/29/13 18/30/13 20/31/13 19/32/13
f 19/32/14 20/31/14 24/33/14 23/34/14
f 23/34/15 24/33/15 22/35/15 21/36/15
f 21/36/16 22/35/16 18/37/16 17/38/16
f 19/39/17 23/34/17 21/36/17 17/40/17
f 24/33/18 20/41/18 18/42/18 22/35/18
f 25/43/19 26/44/19 28/45/19 27/46/19
f 27/46/20 28/45/20 32/47/20 31/48/20
f 31/48/21 32/47/21 30/49/21 29/50/21
f 29/50/22 30/49/22 26/51/22 25/52/22
f 27/53/23 31/48/23 29/50/23 25/54/23
f 32/47/24 28/55/24 26/56/24 30/49/24
f 33/57/25 34/58/25 36/59/25 35/60/25
f 35/60/26 36/59/26 40/61/26 39/62/26
f 39/62/27 40/61/27 38/63/27 37/64/27
f 37/64/28 38/63/28 34/65/28 33/66/28
f 35/67/29 39/62/29 37/64/29 33/68/29
f 40/61/30 36/69/30 34/70/30 38/63/30
f 41/71/31 42/72/31 44/73/31 43/74/31
f 43/74/32 44/73/32 48/75/32 47/76/32
f 47/76/33 48/75/33 46/77/33 45/78/33
f 45/78/34 46/77/34 42/79/34 41/80/34
f 43/81/35 47/76/35 45/78/35 41/82/35
f 48/75/36 44/83/36 42/84/36 46/77/36
f 49/85/37 50/86/37 52/87/37 51/88/37
f 51/88/38 52/87/38 56/89/38 55/90/38
f 55/90/39 56/89/39 54/91/39 53/92/39
f 53/92/40 54/91/40 50/93/40 49/94/40
f 51/95/41 55/90/41 53/92/41 49/96/41
f 56/89/42 52/97/42 50/98/42 54/91/42
f 57/99/43 58/100/43 60/101/43 59/102/43
f 59/102/44 60/101/44 64/103/44 63/104/44
f 63/104/45 64/103/45 62/105/45 61/106/45
f 61/106/46 62/105/46 58/107/46 57/108/46
f 59/109/47 63/104/47 61/106/47 57/110/47
f 64/103/48 60/111/48 58/112/48 62/105/48
f 65/113/49 66/114/49 68/115/49 67/116/49
f 67/116/50 68/115/50 72/117/50 71/118/50
f 71/118/51 72/117/51 70/119/51 69/120/51
f 69/120/52 70/119/52 66/121/52 65/122/52
f 67/123/53 71/118/53 69/120/53 65/124/53
f 72/117/54 68/125/54 66/126/54 70/119/54
f 73/127/55 74/128/55 76/129/55 75/130/55
f 75/130/56 76/129/56 80/131/56 79/132/56
f 79/132/57 80/131/57 78/133/57 77/134/57
f 77/134/58 78/133/58 74/135/58 73/136/58
f 75/137/59 79/132/59 77/134/59 73/138/59
f 80/131/60 76/139/60 74/140/60 78/133/60
f 81/141/61 82/142/61 84/143/61 83/144/61
f 83/144/62 84/143/62 88/145/62 87/146/62
f 87/146/63 88/145/63 86/147/63 85/148/63
f 85/148/64 86/147/64 82/149/64 81/150/64
f 83/151/65 87/146/65 85/148/65 81/152/65
f 88/145/66 84/153/66 82/154/66 86/147/66
f 89/155/67 90/156/67 92/157/67 91/158/67
f 91/158/68 92/157/68 96/159/68 95/160/68
f 95/160/69 96/159/69 94/161/69 93/162/69
f 93/162/70 94/161/70 90/163/70 89/164/70
f 91/165/71 95/160/71 93/162/71 89/166/71
f 96/159/72 92/167/72 90/168/72 94/161/72
f 97/169/73 98/170/73 100/171/73 99/172/73
f 99/172/74 100/171/74 104/173/74 103/174/74
f 103/174/75 104/173/75 102/175/75 101/176/75
f 101/176/76 102/175/76 98/177/76 97/178/76
f 99/179/77 103/174/77 101/176/77 97/180/77
f 104/173/78 100/181/78 98/182/78 102/175/78
f 105/183/79 106/184/79 108/185/79 107/186/79
f 107/186/80 108/185/80 112/187/80 111/188/80
f 111/188/81 112/187/81 110/189/81 109/190/81
f 109/190/82 110/189/82 106/191/82 105/192/82
f 107/193/83 111/188/83 109/190/83 105/194/83
f 112/187/84 108/195/84 106/196/84 110/189/84
f 113/197/85 114/198/85 116/199/85 115/200/85
f 115/200/86 116/199/86 120/201/86 119/202/86
f 119/202/87 120/201/87 118/203/87 117/204/87
f 117/204/88 118/203/88 114/205/88 113/206/88
f 115/207/89 119/202/89 117/204/89 113/208/89
f 120/201/90 116/209/90 114/210/90 118/203/90
f 121/211/91 122/212/91 124/213/91 123/214/91
f 123/214/92 124/213/92 128/215/92 127/216/92
f 127/216/93 128/215/93 126/217/93 125/218/93
f 125/218/94 126/217/94 122/219/94 121/220/94
f 123/221/95 127/216/95 125/218/95 121/222/95
f 128/215/96 124/223/96 122/224/96 126/217/96
f 129/225/97 130/226/97 132/227/97 131/228/97
f 131/228/98 132/227/98 136/229/98 135/230/98
f 135/230/99 136/229/99 134/231/99 133/232/99
f 133/232/100 134/231/100 130/233/100 129/234/100
f 131/235/101 135/230/101 133/232/101 129/236/101
f 136/229/102 132/237/102 130/238/102 134/231/102
f 137/239/103 138/240/103 140/241/103 139/242/103
f 139/242/104 140/241/104 144/243/104 143/244/104
f 143/244/105 144/243/105 142/245/105 141/246/105
f 141/246/106 142/245/106 138/247/106 137/248/106
f 139/249/107 143/244/107 141/246/107 137/250/107
f 144/243/108 140/251/108 138/252/108 142/245/108
f 145/253/109 146/254/109 148/255/109 147/256/109
f 147/256/110 148/255/110 152/257/110 151/258/110
f 151/258/111 152/257/111 150/259/111 149/260/111
f 149/260/112 150/259/112 146/261/112 145/262/112
f 147/263/113 151/258/113 149/260/113 145/264/113
f 152/257/114 148/265/114 146/266/114 150/259/114
f 153/267/115 154/268/115 156/269/115 155/270/115
f 155/270/116 156/269/116 160/271/116 159/272/116
f 159/272/117 160/271/117 158/273/117 157/274/117
f 157/274/118 158/273/118 154/275/118 153/276/118
f 155/277/119 159/272/119 157/274/119 153/278/119
f 160/271/120 156/279/120 154/280/120 158/273/120
f 161/281/121 162/282/121 164/283/121 163/284/121
f 163/284/122 164/283/122 168/285/122 167/286/122
f 167/286/123 168/285/123 166/287/123 165/288/123
f 165/288/124 166/287/124 162/289/124 161/290/124
f 163/291/125 167/286/125 165/288/125 161/292/125
f 168/285/126 164/293/126 162/294/126 166/287/126
f 169/295/127 170/296/127 172/297/127 171/298/127
f 171/298/128 172/297/128 176/299/128 175/300/128
f 175/300/129 176/299/129 174/301/129 173/302/129
f 173/302/130 174/301/130 170/303/130 169/304/130
f 171/305/131 175/300/131 173/302/131 169/306/131
f 176/299/132 172/307/132 170/308/132 174/301/132
f 177/309/133 178/310/133 180/311/133 179/312/133
f 179/312/134 180/311/134 184/313/134 183/314/134
f 183/314/135 184/313/135 182/315/135 181/316/135
f 181/316/136 182/315/136 178/317/136 177/318/136
f 179/319/137 183/314/137 181/316/137 177/320/137
f 184/313/138 180/321/138 178/322/138 182/315/138
f 185/323/139 186/324/139 188/325/139 187/326/139
f 187/326/140 188/325/140 192/327/140 191/328/140
f 191/328/141 192/327/141 190/329/141 189/330/141
f 189/330/142 190/329/142 186/331/142 185/332/142
f 187/333/143 191/328/143 189/330/143 185/334/143
f 192/327/144 188/335/144 186/336/144 190/329/144
f 193/337/145 194/338/145 196/339/145 195/340/145
f 195/340/146 196/339/146 200/341/146 199/342/146
f 199/342/147 200/341/147 198/343/147 197/344/147
f 197/344/148 198/343/148 194/345/148 193/346/148
f 195/347/149 199/342/149 197/344/149 193/348/149
f 200/341/150 196/349/150 194/350/150 198/343/150
f 201/351/151 202/352/151 204/353/151 203/354/151
f 203/354/152 204/353/152 208/355/152 207/356/152
f 207/356/153 208/355/153 206/357/153 205/358/153
f 205/358/154 206/357/154 202/359/154 201/360/154
f 203/361/155 207/356/155 205/358/155 201/362/155
f 208/355/156 204/363/156 202/364/156 206/357/156
f 209/365/157 210/366/157 212/367/157 211/368/157
f 211/368/158 212/367/158 216/369/158 215/370/158
f 215/370/159 216/369/159 214/371/159 213/372/159
f 213/372/160 214/371/160 210/373/160 209/374/160
f 211/375/161 215/370/161 213/372/161 209/376/161
f 216/369/162 212/377/162 210/378/162 214/371/162
f 217/379/163 218/380/163 220/381/163 219/382/163
f 219/382/164 220/381/164 224/383/164 223/384/164
f 223/384/165 224/383/165 222/385/165 221/386/165
f 221/386/166 222/385/166 218/387/166 217/388/166
f 219/389/167 223/384/167 221/386/167 217/390/167
f 224/383/168 220/391/168 218/392/168 222/385/168
f 225/393/169 226/394/169 228/395/169 227/396/169
f 227/396/170 228/395/170 232/397/170 231/398/170
f 231/398/171 232/397/171 230/399/171 229/400/171
f 229/400/172 230/399/172 226/401/172 225/402/172
f 227/403/173 231/398/173 229/400/173 225/404/173
f 232/397/174 228/405/174 226/406/174 230/399/174
f 233/407/175 234/408/175 236/409/175 235/410/175
f 235/410/176 236/409/176 240/411/176 239/412/176
f 239/412/177 240/411/177 238/413/177 237/414/177
f 237/414/178 238/413/178 234/415/178 233/416/178
f 235/417/179 239/412/179 237/414/179 233/418/179
f 240/411/180 236/419/180 234/420/180 238/413/180
